From,the,zenith,of,Saturn,to,the,womb,of,the,Earth
Secrets,of,the,world,found,their,interpretation.
I,have,unraveled,all,the,hinges,near,and,far,
In,addition,to,the,simplest,-,except,the,bright,loop.
-,Omar,Khayyam
5,0.312527,0.402687,0.843365,0.116405,0.291275,
10,,19,-99,55,85,-37,24,95,92,0,65
1.086053,9.630028,5.726285,2.299757,10.175872,0.237076,3.305951,6.536593,-1.695911,8.329147,10.207095,3.408605,9.442538,10.202772,-6.785658,9.389135,8.543847,-0.261707,-2.281925,9.271354,-1.567329,2.683948,8.590227,5.902665,7.67012,6.836808,3.075005,8.332688,5.260161,5.302581,5.619497,-0.866338,5.329046,3.093763,-2.344732,-1.318302,7.118806,-1.125437,4.435345,5.785038,8.124567,0.777239,5.584275,8.597989,6.740871,8.895948,7.836324,8.983768,-1.933054,0.14983,2.192017,4.14233,5.939607,5.275122,8.51666,8.462837,-4.677488,4.220558,8.358316,9.935723,6.372013,2.469916,8.601382,10.100301,9.568505,-0.806579,3.608425,-3.003777,7.996445,8.549732,5.053069,10.258538,-4.980846,0.538829,-3.838776,9.021506,6.094912,-0.622503,4.785251,6.97549,7.320398,8.362315,9.968972,9.267349,-2.89239,10.213219,9.826908,6.978899,8.705404,7.901104,3.675174,10.226961,6.542949,2.088053,2.88848,-6.313809,3.443273,1.632416,3.000399,-6.642769,8.257775,4.008845,9.374401,4.121073,2.31913,4.483587,6.601877,4.165012,4.679989,1.298566,4.42339,8.266105,6.531068,0.98844,1.997627,7.963841,7.48756,7.688516,6.413071,9.100899,5.998505,4.351604,1.385519,-2.162508,2.488391,6.870247,9.767534,-1.571616,2.753831,0.434481,-3.412775,3.394252,5.745128,6.227878,9.280783,2.08072,0.489749,5.38519,4.820203,3.516906,-1.209498,4.528155,3.622392,8.426812,4.672937,4.721294,9.093277,5.463523,-3.182738,-5.384734,-0.588499,9.55019,9.697349,8.976038,6.452093,0.842656,-0.838799,3.94081,-1.102746,3.243825,5.028289,1.260877,-3.306947,3.042344,-1.943506,-0.689013,-2.374738,-3.265175,7.757342,3.932873,-0.669583,5.51912,9.806417,0.521008,1.42509,6.445571,9.735394,8.839109,0.267586,3.381135,4.074401,7.055819,7.731882,3.508994,2.326265,10.335142,7.991972,-1.794079,8.432461,9.55373,4.840216,10.160959,-2.785363,3.01339,3.669501,5.537656,9.1184,-0.617621,8.198604,5.047594
1.29258,-2.866238,-3.250231,2.690921,5.530432,0.692232,-6.787069,3.979497,-4.846434,2.942952,-0.874974,1.863573,-0.927863,3.194441,2.161727,-2.376214,0.247481,-2.134931,0.025033,0.473239,-4.591239,0.772382,-2.023112,1.059771,-2.689392,-0.615996,-1.959488,-5.527328,3.299254,-3.579406,-8.295246,-0.899332,6.852247,-1.846486,-2.275444,7.007724,3.607723,-1.140743,0.319006,-4.165126,2.024598,-0.882279,0.97693,0.906875,-0.523319,-1.657549,1.936695,1.79636,-0.556206,5.162262,-2.705977,3.949152,-6.188129,-0.87862,2.406587,-1.924464,3.592477,0.474608,-0.617697,3.236618,1.377023,1.552726,-6.05195,-3.843609,-0.012015,-2.794895,-0.37106,0.099923,1.569575,-3.239712,-1.148755,2.967614,-2.315422,1.874274,-8.208538,-6.438456,2.388079,3.139981,-1.012881,-3.791038,1.700721,2.834719,2.394966,2.760741,2.668694,-3.327262,-1.356056,-0.394114,-1.956374,-0.171012,-4.131728,2.186486,1.616676,1.123536,-0.541733,-1.08965,-0.536186,-4.831047,-1.20263,-3.224867
-4.165126,2.024598,-0.882279,0.97693,0.906875,-0.523319,-1.657549,1.936695,1.79636,-0.556206,5.162262,-2.705977,3.949152,-6.188129,-0.87862,2.406587,-1.924464,3.592477,0.474608,-0.617697,3.236618,1.377023,1.552726,-6.05195,-3.843609,-0.012015,-2.794895,-0.37106,0.099923,1.569575,-3.239712,-1.148755,2.967614,-2.315422,1.874274,-8.208538,-6.438456,2.388079,3.139981,-1.012881,-3.791038,1.700721,2.834719,2.394966,2.760741,2.668694,-3.327262,-1.356056,-0.394114,-1.956374,-0.171012,-4.131728,2.186486,1.616676,1.123536,-0.541733,-1.08965,-0.536186,-4.831047,-1.20263,-3.224867
200,1.086053,9.630028,5.726285,2.299757,10.175872,0.237076,3.305951,6.536593,-1.695911,8.329147,10.207095,3.408605,9.442538,10.202772,-6.785658,9.389135,8.543847,-0.261707,-2.281925,9.271354,-1.567329,2.683948,8.590227,5.902665,7.67012,6.836808,3.075005,8.332688,5.260161,5.302581,5.619497,-0.866338,5.329046,3.093763,-2.344732,-1.318302,7.118806,-1.125437,4.435345,5.785038,8.124567,0.777239,5.584275,8.597989,6.740871,8.895948,7.836324,8.983768,-1.933054,0.14983,2.192017,4.14233,5.939607,5.275122,8.51666,8.462837,-4.677488,4.220558,8.358316,9.935723,6.372013,2.469916,8.601382,10.100301,9.568505,-0.806579,3.608425,-3.003777,7.996445,8.549732,5.053069,10.258538,-4.980846,0.538829,-3.838776,9.021506,6.094912,-0.622503,4.785251,6.97549,7.320398,8.362315,9.968972,9.267349,-2.89239,10.213219,9.826908,6.978899,8.705404,7.901104,3.675174,10.226961,6.542949,2.088053,2.88848,-6.313809,3.443273,1.632416,3.000399,-6.642769,8.257775,4.008845,9.374401,4.121073,2.31913,4.483587,6.601877,4.165012,4.679989,1.298566,4.42339,8.266105,6.531068,0.98844,1.997627,7.963841,7.48756,7.688516,6.413071,9.100899,5.998505,4.351604,1.385519,-2.162508,2.488391,6.870247,9.767534,-1.571616,2.753831,0.434481,-3.412775,3.394252,5.745128,6.227878,9.280783,2.08072,0.489749,5.38519,4.820203,3.516906,-1.209498,4.528155,3.622392,8.426812,4.672937,4.721294,9.093277,5.463523,-3.182738,-5.384734,-0.588499,9.55019,9.697349,8.976038,6.452093,0.842656,-0.838799,3.94081,-1.102746,3.243825,5.028289,1.260877,-3.306947,3.042344,-1.943506,-0.689013,-2.374738,-3.265175,7.757342,3.932873,-0.669583,5.51912,9.806417,0.521008,1.42509,6.445571,9.735394,8.839109,0.267586,3.381135,4.074401,7.055819,7.731882,3.508994,2.326265,10.335142,7.991972,-1.794079,8.432461,9.55373,4.840216,10.160959,-2.785363,3.01339,3.669501,5.537656,9.1184,-0.617621,8.198604,5.047594